// <item_id>,<show_order>,<rarity>,<skill_A>,<skill_A_Lv_Bonus>,<skill_B>,<skill_B_Lv_Bonus>,<skill_C>,<skill_C_Lv_Bonus>,<HP_exp>,<Atk_exp>,<Def_exp>,<Matk_exp>,<Mdef_exp>,<Hit_exp>,<Flee_exp>,<Efficacy>,<Count>,<HP_Bonus>,<Atk_Bonus>,<Def_Bonus>,<Matk_Bonus>,<Mdef_Bonus>,<Hit_Bonus>,<Flee_Bonus>,<name>
// <物品ID>,<显示顺序>,<稀有度>,<技能A>,<技能A_Lv加成>,<技能B>,<技能B_Lv加成>,<技能C>,<技能C_Lv加成>,<封缄_HP>,<封缄_Atk>,<封缄_Def>,<封缄_Matk>,<封缄_Mdef>,<封缄_Hit>,<封缄_Flee>,<封缄_效果>,<封缄_回数>,<波动_HP>,<波动_Atk>,<波动_Def>,<波动_Matk>,<波动_Mdef>,<波动_Hit>,<波动_Flee>,<名称>
1,1,C,0,0,0,0,0,0,0,0,0,0,0,0,0,0,0,0,0,0,0,0,0,0,阶级证「下隶士」
2,2,UC,0,0,0,0,0,0,0,0,0,0,0,0,0,0,0,0,0,0,0,0,0,0,阶级证「中隶士」
3,3,R,0,0,0,0,0,0,0,0,0,0,0,0,0,0,0,0,0,0,0,0,0,0,阶级证「上隶士」
4,4,SR,0,0,0,0,0,0,0,0,0,0,0,0,0,0,0,0,0,0,0,0,0,0,阶级证「自由民」
5,5,UR,0,0,0,0,0,0,0,0,0,0,0,0,0,0,0,0,0,0,0,0,0,0,阶级证「迎击王」
6,6,UC,0,0,0,0,0,0,0,0,0,0,0,0,0,0,0,0,0,0,0,0,0,0,青月女神的护身符
7,7,C,0,0,0,0,0,0,0,0,0,0,0,0,0,0,0,0,0,0,0,0,0,0,白色鱼鳞粉
8,8,C,0,0,0,0,0,0,0,0,0,0,0,0,0,0,0,0,0,0,0,0,0,0,小圣具
9,9,UC,0,0,0,0,0,0,0,0,0,0,0,0,0,0,0,0,0,0,0,0,0,0,神王殿的招待状
10,10,R,0,0,0,0,0,0,0,0,0,0,0,0,0,0,0,0,0,0,0,0,0,0,镇守府铸织杯参加权
11,11,C,0,0,0,0,0,0,0,0,0,0,0,0,0,0,0,0,0,0,0,0,0,0,向技槌亭的设备投资
12,12,C,0,0,0,0,0,0,0,0,0,0,0,0,0,0,0,0,0,0,0,0,0,0,魔髑盖
13,13,UC,0,0,0,0,0,0,0,0,0,0,0,0,0,0,0,0,0,0,0,0,0,0,睡魔之杖
14,14,R,0,0,0,0,0,0,0,0,0,0,0,0,0,0,0,0,0,0,0,0,0,0,绿色神硫石
15,15,R,0,0,0,0,0,0,0,0,0,0,0,0,0,0,0,0,0,0,0,0,0,0,青色神硫石
16,16,R,0,0,0,0,0,0,0,0,0,0,0,0,0,0,0,0,0,0,0,0,0,0,黄色神硫石
17,17,C,0,0,0,0,0,0,0,0,0,0,0,0,0,0,0,0,0,0,0,0,0,0,蝎之手镯
18,18,UC,0,0,0,0,0,0,0,0,0,0,0,0,0,0,0,0,0,0,0,0,0,0,石巨人莉莉卡
19,19,R,0,0,0,0,0,0,0,0,0,0,0,0,0,0,0,0,0,0,0,0,0,0,西符文石
20,20,R,0,0,0,0,0,0,0,0,0,0,0,0,0,0,0,0,0,0,0,0,0,0,利都凯尔石
21,21,R,0,0,0,0,0,0,0,0,0,0,0,0,0,0,0,0,0,0,0,0,0,0,斗技检分证
22,22,C,0,0,0,0,0,0,0,0,0,0,0,0,0,0,0,0,0,0,0,0,0,0,传送门设置装置
23,23,C,0,0,0,0,0,0,0,0,0,0,0,0,0,0,0,0,0,0,0,0,0,0,结实的鱼袋
24,24,UC,0,0,0,0,0,0,0,0,0,0,0,0,0,0,0,0,0,0,0,0,0,0,制魔珠
25,25,R,0,0,0,0,0,0,0,0,0,0,0,0,0,0,0,0,0,0,0,0,0,0,鼠王
26,26,C,0,0,0,0,0,0,0,0,0,0,0,0,0,0,0,0,0,0,0,0,0,0,黑猫
27,27,UC,0,0,0,0,0,0,0,0,0,0,0,0,0,0,0,0,0,0,0,0,0,0,白猫
28,28,R,0,0,0,0,0,0,0,0,0,0,0,0,0,0,0,0,0,0,0,0,0,0,虎纹猫
29,29,SR,0,0,0,0,0,0,0,0,0,0,0,0,0,0,0,0,0,0,0,0,0,0,花猫
30,30,UR,0,0,0,0,0,0,0,0,0,0,0,0,0,0,0,0,0,0,0,0,0,0,猫老大
31,31,C,0,0,0,0,0,0,0,0,0,0,0,0,0,0,0,0,0,0,0,0,0,0,女神的项链
32,32,R,0,0,0,0,0,0,0,0,0,0,0,0,0,0,0,0,0,0,0,0,0,0,因子抽出装置
33,33,C,0,0,0,0,0,0,0,0,0,0,0,0,0,0,0,0,0,0,0,0,0,0,席菲召唤石
34,34,UR,0,0,0,0,0,0,0,0,0,0,0,0,0,0,0,0,0,0,0,0,0,0,罗兹·普罗拉召唤石
35,35,R,0,0,0,0,0,0,0,0,0,0,0,0,0,0,0,0,0,0,0,0,0,0,雹哭之结晶
36,36,R,0,0,0,0,0,0,0,0,0,0,0,0,0,0,0,0,0,0,0,0,0,0,雪莉艾拉的胸前饰品

81,37,C,0,0,0,0,0,0,0,0,0,0,0,0,0,0,0,0,0,0,0,0,0,0,攻击阵型的秘传书
82,39,UC,0,0,0,0,0,0,0,0,0,0,0,0,0,0,0,0,0,0,0,0,0,0,突击阵型的秘传书
83,40,UC,0,0,0,0,0,0,0,0,0,0,0,0,0,0,0,0,0,0,0,0,0,0,防御阵型的秘传书
84,41,R,0,0,0,0,0,0,0,0,0,0,0,0,0,0,0,0,0,0,0,0,0,0,背水阵型的秘传书
85,42,R,0,0,0,0,0,0,0,0,0,0,0,0,0,0,0,0,0,0,0,0,0,0,精密阵型的秘传书
86,43,SR,0,0,0,0,0,0,0,0,0,0,0,0,0,0,0,0,0,0,0,0,0,0,魔法阵型的秘传书
87,44,SR,0,0,0,0,0,0,0,0,0,0,0,0,0,0,0,0,0,0,0,0,0,0,勇者阵型的秘传书
88,45,SR,0,0,0,0,0,0,0,0,0,0,0,0,0,0,0,0,0,0,0,0,0,0,究极阵型的秘传书
89,46,UR,0,0,0,0,0,0,0,0,0,0,0,0,0,0,0,0,0,0,0,0,0,0,自由阵型的秘传书
90,50,R,0,0,0,0,0,0,0,0,0,0,0,0,0,0,0,0,0,0,0,0,0,0,天使阵秘传书
91,47,C,0,0,0,0,0,0,0,0,0,0,0,0,0,0,0,0,0,0,0,0,0,0,死字阵秘传书
92,48,C,0,0,0,0,0,0,0,0,0,0,0,0,0,0,0,0,0,0,0,0,0,0,废字阵秘传书
93,49,C,0,0,0,0,0,0,0,0,0,0,0,0,0,0,0,0,0,0,0,0,0,0,柴字阵秘传书
94,38,C,0,0,0,0,0,0,0,0,0,0,0,0,0,0,0,0,0,0,0,0,0,0,守护阵型的秘传书
95,51,UR,0,0,0,0,0,0,0,0,0,0,0,0,0,0,0,0,0,0,0,0,0,0,女神阵秘传书
96,52,UR,0,0,0,0,0,0,0,0,0,0,0,0,0,0,0,0,0,0,0,0,0,0,幻燐阵秘传书
